1.14283506222388
1.23710778968539
1.26450779864324
1.22734458063654
1.28483535236601
1.10917146960092
1.34901883957666
1.46174191539643
1.24273542267838
1.30586801353377
1.32212450473398
1.20369375329903
1.16267167366642
1.28641802133504
1.36494469377598
1.26598782622981
1.26067173479167
1.1353576500128
1.21963373099414
1.31341418421862
1.33312527023152
1.30516380769351
1.2829543913551
1.21040433309972
1.36841940682795
1.16075850646487
1.16891711593268
1.19215690392506
1.41156043895657
1.24842630422378
1.1302465575014
1.28071617989884
1.17052200313057
1.27700488500699
1.21576652044475
1.30904339473794
1.19725152731796
1.26590326967472
1.38709831199348
1.23948838594146
1.21445680995194
1.16389253754286
1.19888207408674
1.39252145196355
1.31177689503562
1.35603790287567
0.977540069477477
1.24067691218121
1.20852516570333
1.0865721035257
0.977464787415096
1.29136413331025
1.33717113925734
1.21401538184687
1.19363644610483
1.28470317298476
1.28217539872492
1.15052570728703
1.26270572935124
1.22827318212189
1.37621087694662
1.34102352715068
1.20413384874615
1.21772423334427
1.11374090754905
1.31231944427246
1.18005294510593
1.26896684418674
1.34136094189645
1.25932364710931
1.27762190284196
1.143903168405
0.982269664092449
1.32079497424058
1.19346919354525
1.18896225488327
1.35449026468034
1.24408107170906
1.14793556342244
1.28032984827845
1.38838413155125
1.25734547040828
1.28885427528309
1.41362570892508
1.07502969942571
1.25649747962244
1.36295617861689
1.36625681892682
1.24404706246923
1.28641625595418
1.30316312416471
1.26977609968226
1.36710630251099
1.27604883283031
1.33156582914207
1.26937205217957
1.23094182870726
1.06033077612183
1.36281598844459
1.2610879638011
