0.812052197712374 3.80045470520326
0.318060332909226 8.39605771443315
0.740032772820769 10.4523783395738
0.756276794392242 7.75648743178834
6.59598181917708 12.2595570091485
0.575987244490534 2.81829792007323
0.668970371130854 19.9609013394233
0.0246369033120573 44.5355689826196
1.19758452144267 8.78591051309745
0.740563384215248 14.4209158358929
0.619976297020912 16.320127478291
0.730647154463525 6.38498773179016
2.17643659942763 4.51409732329385
0.0972041520290077 12.4114109166551
0.540683574508876 22.446598861978
1.36853120378674 10.5753632839584
0.999615571397724 10.1395844650391
0.00882598594438224 3.55899113052842
0.691246469970793 7.28273101827095
0.165288892108947 15.2762592967724
2.71423945749614 17.7300356267254
1.31274477481366 14.3433376672924
1.31515935990484 12.0812584770552
1.17786477595092 6.75001436994679
2.04341907232049 23.0246081034515
1.94079750209096 4.44036581191906
0.809175066607905 4.76252401487628
1.1815245495689 5.79874727933219
0.580301795620471 31.404709555402
0.0637317523360252 9.19663830285447
0.896816611582224 3.40198135727749
0.905632910276663 11.8721387090476
1.93201634651961 4.82831747604922
1.63654628573897 11.532556368177
0.211659932974726 7.05507763116005
0.339884599670768 14.7754404654746
2.72937129611585 6.0513740338034
0.559271035715938 10.5683020188157
0.0145200127766304 26.3677111352795
0.0805238448469215 8.55903136064573
1.27454051557453 6.97944267979697
1.03963479116083 4.56172222656831
0.443833611905575 6.13429511895871
0.819519127886553 27.4169375344506
0.518252101261169 15.0868916697716
0.393443124481943 21.0241423057442
0.744904611740336 0.796793315682663
0.560562605038285 8.64145763116784
0.629035969264805 6.64594868430845
0.390156455803663 2.29395824402507
2.53798604930255 0.796179903889868
0.142949337139726 12.8969554683637
0.0492849949320647 18.275528484258
0.0623127878643572 6.95411540836265
2.45618824794643 5.87111665195418
0.305821763030488 12.2469506414952
0.92831346994905 12.0081028111272
1.81877955413404 4.06408955787922
0.422188885917086 10.304371558347
0.137868078425527 7.81537275376523
1.82403290822151 24.3696818761532
0.838938974227236 18.8089249069124
1.16280701007218 6.40837102022938
0.845022520008397 7.16951021873622
0.98700249190898 2.93657917952406
5.07659108652235 15.149407124895
0.174041464193315 5.23618438375419
1.14932578270311 10.8268656860108
0.822454799133305 18.8563036366361
0.827534274575037 10.0316780224679
0.485250148456544 11.5884002009005
0.377919453251271 3.83612393051995
2.27112898292112 0.836194520394982
0.0561501264860251 16.1567526866432
0.139889684505761 5.86289521772507
0.202959949215196 5.64521745988543
1.34166451353104 20.7854235728506
1.46304587726998 8.88151032136204
0.859610139350307 3.97351728711845
0.305689887143672 11.8363746446685
0.442994067911059 26.6131580320046
2.00685225605013 9.87520718032999
1.36154742348464 12.6484749464979
0.434548710938543 31.8672324849896
1.6109449493061 2.06160104183291
0.981593837919545 9.80880764443054
0.47478674352169 22.121721854088
0.229032730628951 22.6633144750494
0.92533117807926 8.87908269613025
0.312663150019944 12.411240593077
0.42491122847423 14.1249793531587
0.586566953454167 10.8961101072975
3.20259548706894 22.8046207697948
0.181081262417138 11.4465061572953
1.99583786407675 17.5237245057672
0.0759658953174949 10.8614878825952
1.37393768500061 7.98684575472791
0.417244343615994 1.79644394349157
0.230107448529452 22.098978548017
0.193462823688235 10.1731115522784
